Date,Open,High,Low,Close,Volume,OpenInterest
2021-12-01,16.33,16.4,16.33,16.4,200,0
2021-12-01,16.25,16.25,16.25,16.25,268,0
2021-12-01,16.26,16.26,16.26,16.26,300,0
2021-12-01,16.37,16.41,16.37,16.41,201,0
2021-12-01,16.38,16.38,16.38,16.38,150,0
2021-12-01,16.47,16.51,16.47,16.51,500,0
2021-12-01,16.55,16.55,16.55,16.55,100,0
2021-12-01,16.495,16.495,16.495,16.495,100,0
2021-12-01,16.415,16.415,16.415,16.415,396,0
2021-12-01,16.53,16.53,16.5,16.5,300,0
2021-12-01,16.45,16.45,16.44,16.44,773,0
2021-12-01,16.44,16.44,16.44,16.44,815,0
2021-12-01,16.43,16.46,16.43,16.46,984,0
2021-12-01,16.44,16.5,16.44,16.45,1200,0
2021-12-01,16.44,16.44,16.425,16.43,505,0
2021-12-01,16.45,16.46,16.45,16.46,609,0
2021-12-01,16.57,16.57,16.53,16.53,824,0
2021-12-01,16.485,16.485,16.485,16.485,100,0
2021-12-01,16.49,16.49,16.49,16.49,119,0
2021-12-01,16.52,16.54,16.515,16.54,500,0
2021-12-01,16.5,16.5,16.45,16.45,710,0
2021-12-01,16.41,16.415,16.32,16.32,500,0
2021-12-01,16.37,16.37,16.37,16.37,100,0
2021-12-01,16.37,16.37,16.37,16.37,106,0
2021-12-01,16.38,16.38,16.38,16.38,222,0
2021-12-02,16.04,16.19,16.04,16.19,560,0
2021-12-02,16.4,16.4,16.4,16.4,197,0
2021-12-02,16.69,16.7,16.55,16.55,600,0
2021-12-02,16.54,16.58,16.54,16.58,300,0
2021-12-02,16.87,16.87,16.87,16.87,100,0
2021-12-02,16.94,16.94,16.94,16.94,100,0
2021-12-02,16.71,16.71,16.61,16.61,408,0
2021-12-02,16.52,16.52,16.52,16.52,115,0
2021-12-02,16.54,16.54,16.54,16.54,100,0
2021-12-02,16.635,16.635,16.635,16.635,100,0
2021-12-02,16.53,16.53,16.53,16.53,200,0
2021-12-02,16.4,16.4,16.4,16.4,100,0
2021-12-02,16.54,16.54,16.53,16.53,200,0
2021-12-02,16.69,16.69,16.69,16.69,150,0
2021-12-02,16.3,16.3,16.3,16.3,100,0
2021-12-02,16.17,16.17,16.17,16.17,113,0
2021-12-02,15.97,15.98,15.91,15.91,1512,0
2021-12-02,15.94,15.94,15.94,15.94,100,0
2021-12-02,15.76,15.76,15.74,15.74,200,0
2021-12-02,15.71,15.71,15.57,15.57,676,0
2021-12-02,15.63,15.69,15.49,15.49,1000,0
2021-12-02,15.55,15.55,15.55,15.55,100,0
2021-12-02,15.82,15.82,15.82,15.82,179,0
2021-12-02,15.74,15.74,15.69,15.69,400,0
2021-12-02,15.79,15.79,15.79,15.79,300,0
2021-12-02,15.54,15.54,15.52,15.52,200,0
2021-12-02,15.56,15.56,15.56,15.56,300,0
2021-12-02,15.44,15.45,15.44,15.45,200,0
2021-12-02,15.5,15.5,15.5,15.5,141,0
2021-12-02,15.28,15.32,15.26,15.29,721,0
2021-12-02,15.36,15.36,15.36,15.36,100,0
2021-12-02,15.34,15.34,15.34,15.34,100,0
2021-12-02,15.6,15.6,15.6,15.6,100,0
2021-12-02,15.69,15.69,15.69,15.69,198,0
2021-12-02,15.74,15.74,15.74,15.74,150,0
2021-12-02,15.76,15.76,15.76,15.76,100,0
2021-12-02,15.7,15.7,15.69,15.69,200,0
2021-12-02,15.62,15.62,15.61,15.61,300,0
2021-12-02,15.65,15.66,15.625,15.625,400,0
2021-12-02,15.75,15.75,15.75,15.75,200,0
2021-12-02,15.72,15.73,15.72,15.73,300,0
2021-12-02,15.74,15.74,15.74,15.74,100,0
2021-12-02,15.83,15.84,15.83,15.84,300,0
2021-12-02,15.81,15.81,15.81,15.81,100,0
2021-12-02,15.7,15.7,15.7,15.7,187,0
2021-12-02,15.615,15.615,15.615,15.615,100,0
2021-12-02,15.55,15.565,15.55,15.565,325,0
2021-12-02,15.7,15.7,15.7,15.7,184,0
2021-12-02,15.61,15.7,15.61,15.7,200,0
2021-12-02,15.75,15.75,15.75,15.75,500,0
2021-12-02,15.58,15.58,15.58,15.58,336,0
2021-12-02,15.67,15.67,15.67,15.67,299,0
2021-12-02,15.685,15.685,15.685,15.685,100,0
2021-12-02,15.86,15.86,15.86,15.86,100,0
2021-12-02,15.82,15.82,15.82,15.82,100,0
2021-12-02,15.86,15.86,15.86,15.86,100,0
2021-12-02,15.855,15.855,15.84,15.84,200,0
2021-12-02,15.95,15.95,15.95,15.95,100,0
2021-12-02,15.925,15.925,15.925,15.925,100,0
2021-12-02,15.89,15.89,15.89,15.89,100,0
2021-12-02,15.89,15.89,15.89,15.89,117,0
2021-12-02,15.93,15.93,15.93,15.93,100,0
2021-12-02,15.93,15.93,15.93,15.93,100,0
2021-12-02,15.84,15.84,15.82,15.82,300,0
2021-12-02,15.7,15.71,15.7,15.71,200,0
2021-12-02,15.73,15.73,15.72,15.72,300,0
2021-12-02,15.65,15.68,15.65,15.68,300,0
2021-12-02,15.64,15.64,15.64,15.64,200,0
2021-12-02,15.6,15.6,15.6,15.6,100,0
2021-12-02,15.61,15.61,15.61,15.61,100,0
2021-12-02,15.55,15.55,15.55,15.55,100,0
2021-12-02,15.46,15.46,15.46,15.46,303,0
2021-12-02,15.49,15.49,15.49,15.49,100,0
2021-12-02,15.36,15.36,15.36,15.36,249,0
2021-12-02,15.46,15.46,15.46,15.46,100,0
2021-12-02,15.53,15.53,15.53,15.53,300,0
2021-12-02,15.45,15.45,15.45,15.45,100,0
2021-12-02,15.4,15.4,15.39,15.39,544,0
2021-12-02,15.48,15.48,15.48,15.48,100,0
2021-12-02,15.58,15.58,15.58,15.58,100,0
2021-12-02,15.74,15.74,15.74,15.74,253,0
2021-12-02,15.72,15.72,15.72,15.72,300,0
2021-12-02,15.78,15.785,15.78,15.785,343,0
2021-12-02,15.76,15.76,15.76,15.76,123,0
2021-12-02,15.7,15.7,15.7,15.7,100,0
2021-12-02,15.63,15.63,15.63,15.63,200,0
2021-12-02,15.69,15.69,15.69,15.69,300,0
2021-12-02,15.78,15.78,15.78,15.78,200,0
2021-12-02,15.8,15.8,15.8,15.8,100,0
2021-12-02,15.885,15.905,15.885,15.905,300,0
2021-12-02,15.93,15.93,15.93,15.93,100,0
2021-12-02,15.925,15.925,15.925,15.925,200,0
2021-12-02,15.95,15.95,15.95,15.95,100,0
2021-12-02,15.935,15.935,15.935,15.935,173,0
2021-12-02,15.82,15.82,15.82,15.82,100,0
2021-12-02,15.83,15.83,15.83,15.83,200,0
2021-12-02,15.84,15.84,15.84,15.84,100,0
2021-12-02,15.9,15.91,15.9,15.91,404,0
2021-12-02,15.9,15.9,15.9,15.9,200,0
2021-12-02,15.81,15.81,15.8,15.8,400,0
2021-12-02,15.785,15.785,15.785,15.785,128,0
2021-12-02,15.86,15.91,15.86,15.91,643,0
2021-12-02,15.84,15.865,15.84,15.865,500,0
2021-12-02,15.95,15.95,15.95,15.95,100,0
2021-12-02,15.935,15.935,15.935,15.935,100,0
2021-12-02,15.92,15.92,15.92,15.92,200,0
2021-12-02,16.005,16.005,16.005,16.005,100,0
2021-12-02,15.93,15.93,15.93,15.93,100,0
2021-12-02,15.98,15.98,15.98,15.98,100,0
2021-12-02,15.98,15.98,15.98,15.98,103,0
2021-12-02,16.01,16.01,16.01,16.01,300,0
2021-12-02,16.14,16.14,16.14,16.14,103,0
2021-12-02,16.115,16.115,16.115,16.115,107,0
2021-12-02,16.11,16.11,16.11,16.11,150,0
2021-12-02,16.135,16.135,16.13,16.13,200,0
2021-12-02,16.12,16.12,16.11,16.11,450,0
2021-12-02,16.085,16.085,16.085,16.085,300,0
2021-12-02,16.08,16.08,16.08,16.08,332,0
2021-12-02,16.08,16.08,16.06,16.08,326,0
2021-12-02,16.09,16.09,16.09,16.09,269,0
2021-12-02,16.07,16.07,16.07,16.07,122,0
2021-12-02,16.065,16.065,16.045,16.045,200,0
2021-12-02,16.02,16.025,16.02,16.02,771,0
2021-12-02,16.01,16.01,16.01,16.01,250,0
2021-12-02,16.03,16.07,16.03,16.07,501,0
2021-12-02,16.03,16.03,16.02,16.02,775,0
2021-12-02,16.02,16.03,16,16,1114,0
2021-12-03,16.12,16.12,16.12,16.12,136,0
2021-12-03,15.78,15.78,15.78,15.78,300,0
2021-12-03,15.14,15.21,15.14,15.205,511,0
2021-12-03,15.36,15.36,15.36,15.36,191,0
2021-12-03,15.2,15.2,15.2,15.2,100,0
2021-12-03,15.13,15.13,15.13,15.13,100,0
2021-12-03,15.04,15.09,14.87,14.87,695,0
2021-12-03,14.91,14.91,14.78,14.78,800,0
2021-12-03,14.65,14.66,14.5,14.5,1861,0
2021-12-03,14.735,14.735,14.735,14.735,102,0
2021-12-03,14.795,14.795,14.795,14.795,186,0
2021-12-03,14.78,14.78,14.78,14.78,100,0
2021-12-03,14.78,14.78,14.735,14.735,212,0
2021-12-03,14.685,14.685,14.67,14.67,200,0
2021-12-03,14.69,14.7,14.69,14.7,200,0
2021-12-03,14.7,14.72,14.69,14.72,500,0
2021-12-03,14.71,14.71,14.66,14.66,300,0
2021-12-03,14.73,14.735,14.71,14.73,1000,0
2021-12-03,14.705,14.705,14.64,14.64,200,0
2021-12-03,14.76,14.76,14.76,14.76,100,0
2021-12-03,14.98,14.98,14.98,14.98,100,0
2021-12-03,14.89,14.89,14.89,14.89,331,0
2021-12-03,14.82,14.82,14.82,14.82,100,0
2021-12-03,14.83,14.83,14.83,14.83,214,0
2021-12-03,14.84,14.84,14.84,14.84,126,0
2021-12-03,14.69,14.69,14.69,14.69,101,0
2021-12-03,14.68,14.68,14.67,14.67,400,0
2021-12-03,14.66,14.66,14.66,14.66,176,0
2021-12-03,14.47,14.47,14.47,14.47,104,0
2021-12-03,14.43,14.43,14.42,14.42,200,0
2021-12-03,14.4,14.42,14.4,14.42,400,0
2021-12-03,14.54,14.54,14.54,14.54,100,0
2021-12-03,14.57,14.57,14.57,14.57,100,0
2021-12-03,14.59,14.59,14.59,14.59,100,0
2021-12-03,14.61,14.62,14.61,14.62,572,0
2021-12-03,14.51,14.51,14.51,14.51,100,0
2021-12-03,14.49,14.49,14.49,14.49,150,0
2021-12-03,14.37,14.37,14.37,14.37,101,0
2021-12-03,14.2,14.2,14.2,14.2,300,0
2021-12-03,14.27,14.27,14.27,14.27,200,0
2021-12-03,14.27,14.27,14.24,14.24,400,0
2021-12-03,14.25,14.29,14.24,14.29,543,0
2021-12-03,14.35,14.35,14.35,14.35,200,0
2021-12-03,14.47,14.47,14.47,14.47,200,0
2021-12-03,14.39,14.39,14.39,14.39,281,0
2021-12-03,14.46,14.46,14.46,14.46,100,0
2021-12-03,14.44,14.44,14.44,14.44,100,0
2021-12-03,14.21,14.23,14.21,14.22,400,0
2021-12-03,14.26,14.26,14.26,14.26,100,0
2021-12-03,14.145,14.145,14.145,14.145,100,0
2021-12-03,14.1,14.1,14.03,14.03,300,0
2021-12-03,13.95,13.95,13.95,13.95,220,0
2021-12-03,13.93,13.93,13.93,13.93,100,0
2021-12-03,13.87,13.88,13.87,13.88,224,0
2021-12-03,14,14,14,14,100,0
2021-12-03,13.985,14.005,13.985,14.005,312,0
2021-12-03,14.09,14.09,14.06,14.06,202,0
2021-12-03,14.035,14.035,14.035,14.035,200,0
2021-12-03,14.05,14.05,14.05,14.05,100,0
2021-12-03,14.07,14.1,14.07,14.1,400,0
2021-12-03,14.025,14.03,14.025,14.03,300,0
2021-12-03,14.15,14.15,14.15,14.15,101,0
2021-12-03,14.23,14.23,14.23,14.23,200,0
2021-12-03,14.245,14.245,14.245,14.245,100,0
2021-12-03,14.22,14.22,14.22,14.22,100,0
2021-12-03,14.23,14.23,14.23,14.23,170,0
2021-12-03,14.18,14.18,14.18,14.18,376,0
2021-12-03,14.11,14.11,14.11,14.11,349,0
2021-12-03,14.32,14.32,14.32,14.32,264,0
2021-12-03,14.32,14.34,14.32,14.33,600,0
2021-12-03,14.26,14.26,14.25,14.25,300,0
2021-12-03,14.28,14.28,14.28,14.28,200,0
2021-12-03,14.265,14.265,14.265,14.265,100,0
2021-12-03,14.19,14.19,14.19,14.19,191,0
2021-12-03,14.11,14.11,14.11,14.11,100,0
2021-12-03,14.075,14.075,14.075,14.075,100,0
2021-12-03,14.04,14.04,14.04,14.04,100,0
2021-12-03,14.1,14.1,14.1,14.1,100,0
2021-12-03,14.11,14.11,14.11,14.11,200,0
2021-12-03,14.17,14.18,14.17,14.18,200,0
2021-12-03,14.21,14.26,14.21,14.26,200,0
2021-12-03,14.27,14.27,14.27,14.27,100,0
2021-12-03,14.33,14.33,14.33,14.33,100,0
2021-12-03,14.27,14.27,14.25,14.265,401,0
2021-12-03,14.21,14.21,14.21,14.21,300,0
2021-12-03,14.21,14.21,14.175,14.175,300,0
2021-12-03,14.135,14.135,14.135,14.135,142,0
2021-12-03,14.085,14.09,14.085,14.09,400,0
2021-12-03,14.1,14.1,14.1,14.1,100,0
2021-12-03,14.09,14.09,14.09,14.09,100,0
2021-12-03,14.075,14.075,14.055,14.055,200,0
2021-12-03,14.08,14.08,14.08,14.08,400,0
2021-12-03,14.095,14.095,14.095,14.095,600,0
2021-12-03,14.08,14.44,14.08,14.41,1920,0
2021-12-03,14.255,14.255,14.255,14.255,300,0
2021-12-03,14.32,14.32,14.32,14.32,110,0
2021-12-03,14.26,14.27,14.26,14.27,200,0
2021-12-03,14.29,14.29,14.29,14.29,100,0
2021-12-03,14.22,14.23,14.22,14.23,200,0
2021-12-03,14.19,14.22,14.19,14.22,536,0
2021-12-03,14.235,14.235,14.235,14.235,100,0
2021-12-03,14.285,14.285,14.285,14.285,145,0
2021-12-03,14.205,14.215,14.205,14.215,300,0
2021-12-03,14.175,14.175,14.175,14.175,100,0
2021-12-03,14.175,14.185,14.175,14.185,200,0
2021-12-03,14.18,14.2,14.18,14.2,409,0
2021-12-03,14.24,14.24,14.24,14.24,100,0
2021-12-03,14.18,14.185,14.18,14.185,200,0
2021-12-03,14.09,14.09,14.09,14.09,200,0
2021-12-03,14.1,14.1,14.1,14.1,240,0
2021-12-03,14.16,14.17,14.16,14.17,400,0
2021-12-03,14.215,14.215,14.215,14.215,100,0
2021-12-03,14.11,14.11,14.11,14.11,101,0
2021-12-03,14.13,14.13,14.13,14.13,100,0
2021-12-03,14.05,14.055,14.04,14.055,905,0
2021-12-03,14.045,14.045,14.045,14.045,390,0
2021-12-03,14.035,14.035,14.035,14.035,194,0
2021-12-03,14,14.01,14,14.01,1033,0
2021-12-03,14.02,14.045,14.02,14.035,506,0
2021-12-03,14.05,14.05,13.98,13.98,616,0
2021-12-03,13.985,13.985,13.985,13.985,134,0
2021-12-03,13.985,13.99,13.95,13.95,725,0
2021-12-03,13.965,13.98,13.965,13.98,1028,0
2021-12-03,13.965,13.965,13.965,13.965,689,0
2021-12-03,13.94,13.97,13.94,13.97,479,0
2021-12-03,13.955,13.955,13.95,13.95,540,0
2021-12-03,13.94,13.94,13.88,13.88,1172,0
2021-12-03,13.89,13.89,13.89,13.89,200,0
2021-12-03,13.855,13.875,13.855,13.875,1077,0
2021-12-03,13.865,13.88,13.865,13.88,1168,0
2021-12-03,13.905,13.905,13.885,13.885,322,0
2021-12-03,13.83,13.83,13.83,13.83,308,0
2021-12-03,13.83,13.83,13.83,13.83,262,0
2021-12-03,13.89,13.9,13.89,13.9,922,0
2021-12-03,13.87,13.87,13.86,13.86,899,0
2021-12-03,13.83,13.83,13.83,13.83,525,0
2021-12-03,13.81,13.81,13.81,13.81,227,0
2021-12-03,13.765,13.765,13.765,13.765,233,0
2021-12-03,13.735,13.755,13.69,13.755,1697,0
2021-12-03,13.725,13.725,13.725,13.725,1100,0
2021-12-03,13.68,13.69,13.68,13.68,924,0
2021-12-03,13.71,13.73,13.71,13.73,274,0
2021-12-03,13.695,13.695,13.695,13.695,871,0
2021-12-03,13.675,13.74,13.675,13.74,848,0
2021-12-03,13.77,13.785,13.77,13.785,283,0
2021-12-03,13.77,13.78,13.665,13.665,600,0
2021-12-03,13.665,13.67,13.665,13.67,600,0
2021-12-03,13.645,13.65,13.585,13.585,857,0
2021-12-03,13.585,13.635,13.585,13.63,582,0
2021-12-03,13.63,13.635,13.62,13.635,700,0
2021-12-03,13.61,13.655,13.61,13.655,463,0
2021-12-03,13.67,13.67,13.66,13.66,278,0
2021-12-03,13.655,13.73,13.655,13.705,947,0
2021-12-03,13.73,13.75,13.73,13.75,576,0
2021-12-03,13.665,13.68,13.665,13.68,336,0
2021-12-03,13.695,13.695,13.64,13.64,500,0
2021-12-03,13.66,13.66,13.59,13.6,500,0
2021-12-03,13.63,13.68,13.63,13.68,1054,0
2021-12-03,13.74,13.77,13.74,13.77,686,0
2021-12-03,13.72,13.72,13.72,13.72,306,0
2021-12-03,13.8,13.8,13.79,13.79,974,0
2021-12-03,13.75,13.75,13.75,13.75,366,0
2021-12-03,13.715,13.715,13.715,13.715,329,0
2021-12-03,13.75,13.75,13.71,13.71,948,0
2021-12-03,13.71,13.71,13.705,13.71,1336,0
2021-12-03,13.705,13.71,13.68,13.71,1330,0
2021-12-03,13.755,13.77,13.755,13.77,652,0
2021-12-03,13.82,13.825,13.82,13.825,411,0
2021-12-03,13.745,13.745,13.71,13.71,1234,0
2021-12-03,13.72,13.77,13.72,13.77,787,0
2021-12-03,13.74,13.8,13.72,13.8,1275,0
2021-12-03,13.795,13.795,13.76,13.76,614,0
2021-12-03,13.76,13.76,13.76,13.76,200,0
2021-12-03,13.765,13.765,13.765,13.765,100,0
2021-12-03,13.73,13.74,13.73,13.74,332,0
2021-12-03,13.74,13.76,13.715,13.74,1252,0
2021-12-03,13.72,13.72,13.7,13.7,710,0
2021-12-03,13.655,13.655,13.61,13.61,434,0
2021-12-03,13.535,13.54,13.51,13.53,848,0
2021-12-03,13.51,13.52,13.51,13.52,1014,0
2021-12-03,13.54,13.55,13.54,13.55,903,0
2021-12-03,13.485,13.485,13.48,13.48,378,0
2021-12-03,13.39,13.42,13.37,13.37,900,0
2021-12-03,13.38,13.42,13.37,13.38,1614,0
2021-12-03,13.37,13.43,13.33,13.43,2372,0
2021-12-03,13.37,13.42,13.33,13.36,2636,0
2021-12-03,13.35,13.37,13.33,13.35,2012,0
2021-12-03,13.33,13.41,13.33,13.41,535,0
2021-12-03,13.46,13.46,13.45,13.45,310,0
2021-12-03,13.49,13.53,13.49,13.53,422,0
2021-12-03,13.55,13.55,13.55,13.55,269,0
2021-12-03,13.63,13.63,13.63,13.63,243,0
2021-12-03,13.62,13.655,13.62,13.655,1568,0
2021-12-06,13.025,13.025,13.025,13.025,100,0
2021-12-06,13.31,13.36,13.31,13.36,594,0
2021-12-06,13.37,13.37,13.15,13.15,710,0
2021-12-06,13.11,13.11,12.9,12.9,372,0
2021-12-06,12.61,12.61,12.61,12.61,300,0
2021-12-06,12.51,12.51,12.51,12.51,100,0
2021-12-06,12.51,12.51,12.45,12.45,400,0
2021-12-06,12.54,12.54,12.38,12.39,1811,0
2021-12-06,12.45,12.45,12.45,12.45,100,0
2021-12-06,12.48,12.48,12.48,12.48,350,0
2021-12-06,12.64,12.64,12.64,12.64,471,0
2021-12-06,12.89,12.89,12.89,12.89,100,0
2021-12-06,12.82,12.82,12.82,12.82,100,0
2021-12-06,12.86,12.86,12.86,12.86,118,0
2021-12-06,12.85,12.85,12.85,12.85,300,0
2021-12-06,13.02,13.02,13.02,13.02,100,0
2021-12-06,12.96,12.96,12.96,12.96,277,0
2021-12-06,12.95,12.95,12.88,12.88,400,0
2021-12-06,13.11,13.11,13.1,13.1,243,0
2021-12-06,13.1,13.1,13.1,13.1,504,0
2021-12-06,13.09,13.09,13.09,13.09,201,0
2021-12-06,12.86,12.89,12.86,12.89,200,0
2021-12-06,13.35,13.35,13.31,13.31,761,0
2021-12-06,13.65,13.65,13.61,13.61,200,0
2021-12-06,13.52,13.52,13.52,13.52,235,0
2021-12-06,13.63,13.69,13.63,13.69,300,0
2021-12-06,13.65,13.65,13.65,13.65,100,0
2021-12-06,13.72,13.72,13.72,13.72,100,0
2021-12-06,13.685,13.685,13.685,13.685,200,0
2021-12-06,13.71,13.71,13.71,13.71,300,0
2021-12-06,13.67,13.67,13.67,13.67,179,0
2021-12-06,13.65,13.65,13.63,13.63,535,0
2021-12-06,13.55,13.55,13.55,13.55,100,0
2021-12-06,13.53,13.53,13.53,13.53,100,0
2021-12-06,13.52,13.52,13.52,13.52,250,0
2021-12-06,13.59,13.59,13.57,13.57,200,0
2021-12-06,13.76,13.77,13.75,13.77,380,0
2021-12-06,13.81,13.81,13.81,13.81,101,0
2021-12-06,13.8,13.8,13.7,13.7,400,0
2021-12-06,13.65,13.65,13.65,13.65,200,0
2021-12-06,13.56,13.56,13.56,13.56,135,0
2021-12-06,13.55,13.55,13.55,13.55,200,0
2021-12-06,13.63,13.63,13.63,13.63,100,0
2021-12-06,13.665,13.665,13.665,13.665,100,0
2021-12-06,13.72,13.72,13.63,13.63,200,0
2021-12-06,13.545,13.56,13.54,13.54,1100,0
2021-12-06,13.675,13.675,13.675,13.675,243,0
2021-12-06,13.805,13.805,13.805,13.805,192,0
2021-12-06,13.63,13.63,13.63,13.63,200,0
2021-12-06,13.57,13.58,13.57,13.58,300,0
2021-12-06,13.71,13.71,13.68,13.68,200,0
2021-12-06,13.76,13.76,13.76,13.76,200,0
2021-12-06,13.79,13.79,13.79,13.79,302,0
2021-12-06,13.925,13.925,13.925,13.925,203,0
2021-12-06,13.99,13.995,13.99,13.995,200,0
2021-12-06,14.04,14.045,14.04,14.045,600,0
2021-12-06,14.045,14.045,14.045,14.045,235,0
2021-12-06,14.075,14.075,14.075,14.075,150,0
2021-12-06,14.12,14.13,14.12,14.125,1300,0
2021-12-06,14.1,14.1,14.075,14.075,1630,0
2021-12-06,14.075,14.12,14.075,14.12,2558,0
2021-12-06,14.13,14.13,14.13,14.13,100,0
2021-12-06,14.15,14.15,14.125,14.125,700,0
2021-12-06,14.15,14.15,14.15,14.15,378,0
2021-12-06,14.15,14.15,14.14,14.14,777,0
2021-12-06,14.165,14.19,14.15,14.19,1474,0
2021-12-06,14.25,14.25,14.25,14.25,100,0
2021-12-06,14.225,14.225,14.225,14.225,200,0
2021-12-06,14.22,14.22,14.205,14.205,1300,0
2021-12-06,14.205,14.21,14.205,14.21,400,0
2021-12-06,14.195,14.195,14.18,14.18,300,0
2021-12-06,14.205,14.205,14.18,14.18,1113,0
2021-12-06,14.17,14.17,14.17,14.17,1040,0
2021-12-06,14.16,14.16,14.15,14.15,600,0
2021-12-06,14.19,14.2,14.19,14.2,207,0
2021-12-06,14.21,14.21,14.205,14.205,419,0
2021-12-06,14.34,14.34,14.33,14.33,3066,0
2021-12-06,14.27,14.285,14.27,14.285,2000,0
2021-12-06,14.285,14.31,14.285,14.31,300,0
2021-12-06,14.32,14.32,14.32,14.32,1200,0
2021-12-06,14.32,14.32,14.32,14.32,257,0
2021-12-06,14.32,14.32,14.32,14.32,175,0
2021-12-06,14.325,14.33,14.325,14.33,431,0
2021-12-06,14.315,14.33,14.315,14.33,422,0
2021-12-06,14.33,14.365,14.33,14.365,446,0
2021-12-06,14.345,14.41,14.345,14.375,2463,0
2021-12-06,14.34,14.34,14.34,14.34,403,0
2021-12-06,14.34,14.34,14.34,14.34,229,0
2021-12-06,14.31,14.31,14.31,14.31,210,0
2021-12-06,14.23,14.27,14.23,14.27,950,0
2021-12-06,14.28,14.28,14.26,14.28,700,0
2021-12-06,14.165,14.17,14.165,14.17,200,0
2021-12-06,14,14,14,14,301,0
2021-12-06,13.965,13.965,13.965,13.965,100,0
2021-12-06,13.89,13.89,13.89,13.89,103,0
2021-12-06,14.06,14.15,14.06,14.11,1025,0
2021-12-06,14.22,14.22,14.22,14.22,100,0
2021-12-06,14.07,14.07,14.07,14.07,100,0
2021-12-06,14.09,14.09,14.09,14.09,100,0
2021-12-06,14.09,14.09,14.09,14.09,100,0
2021-12-06,14.025,14.025,14.025,14.025,100,0
2021-12-06,14.05,14.05,14.05,14.05,201,0
2021-12-06,14.16,14.16,14.16,14.16,100,0
2021-12-06,14.11,14.11,14.11,14.11,100,0
2021-12-06,14.21,14.21,14.21,14.21,100,0
2021-12-06,14.05,14.05,14.05,14.05,280,0
2021-12-06,14.11,14.11,14.11,14.11,100,0
2021-12-06,14.12,14.12,14.12,14.12,100,0
2021-12-06,14.13,14.13,14.13,14.13,100,0
2021-12-06,14.14,14.14,14.14,14.14,107,0
2021-12-06,14.16,14.16,14.16,14.16,100,0
2021-12-06,14.21,14.21,14.21,14.21,200,0
2021-12-06,14.15,14.17,14.15,14.17,200,0
2021-12-06,14.13,14.13,14.13,14.13,100,0
2021-12-06,14.21,14.21,14.21,14.21,299,0
2021-12-06,13.99,13.99,13.99,13.99,100,0
2021-12-06,13.92,13.92,13.92,13.92,100,0
2021-12-06,13.93,13.93,13.93,13.93,100,0
2021-12-06,13.94,13.94,13.94,13.94,100,0
2021-12-06,13.91,13.91,13.91,13.91,200,0
2021-12-06,14.015,14.015,14.015,14.015,200,0
2021-12-06,13.99,13.99,13.99,13.99,100,0
2021-12-06,14,14,14,14,100,0
2021-12-06,13.98,13.98,13.98,13.98,100,0
2021-12-06,13.89,13.89,13.89,13.89,381,0
2021-12-06,13.9,13.9,13.9,13.9,300,0
2021-12-06,14.07,14.07,14.07,14.07,414,0
2021-12-06,14.095,14.095,14.095,14.095,100,0
2021-12-06,14.1,14.1,14.1,14.1,125,0
2021-12-06,14.03,14.03,14.03,14.03,150,0
2021-12-06,14.09,14.09,14.09,14.09,510,0
2021-12-06,14.04,14.04,14.04,14.04,100,0
2021-12-06,14.03,14.03,14.03,14.03,125,0
2021-12-06,14.03,14.03,14.03,14.03,119,0
2021-12-06,14.03,14.03,14.03,14.03,118,0
2021-12-06,14.01,14.01,14.01,14.01,101,0
2021-12-06,13.94,13.95,13.94,13.95,430,0
2021-12-06,13.97,13.97,13.97,13.97,116,0
2021-12-06,13.97,13.97,13.955,13.955,430,0
2021-12-06,13.95,13.95,13.95,13.95,147,0
2021-12-06,13.98,13.98,13.98,13.98,412,0
2021-12-06,13.95,13.98,13.95,13.98,1583,0
2021-12-06,13.97,13.97,13.97,13.97,284,0
2021-12-07,15,15,15,15,240,0
2021-12-07,14.92,14.92,14.92,14.92,100,0
2021-12-07,15.1,15.18,14.97,15.18,832,0
2021-12-07,15.14,15.14,15.14,15.14,100,0
2021-12-07,15.12,15.16,15.11,15.16,300,0
2021-12-07,15.16,15.16,15.16,15.16,100,0
2021-12-07,15.16,15.16,15.04,15.04,900,0
2021-12-07,15.24,15.31,15.24,15.31,250,0
2021-12-07,15.2,15.2,15.08,15.08,450,0
2021-12-07,15.24,15.28,15.24,15.28,400,0
2021-12-07,15.3,15.3,15.3,15.3,100,0
2021-12-07,15.28,15.28,15.28,15.28,205,0
2021-12-07,15.42,15.43,15.42,15.43,281,0
2021-12-07,15.26,15.26,15.23,15.23,400,0
2021-12-07,15.27,15.27,15.27,15.27,100,0
2021-12-07,15.22,15.22,15.22,15.22,128,0
2021-12-07,15.21,15.21,15.2,15.2,200,0
2021-12-07,15.31,15.31,15.31,15.31,100,0
2021-12-07,15.32,15.32,15.32,15.32,140,0
2021-12-07,15.44,15.44,15.44,15.44,260,0
2021-12-07,15.49,15.49,15.48,15.48,300,0
2021-12-07,15.56,15.56,15.56,15.56,100,0
2021-12-07,15.49,15.49,15.48,15.48,200,0
2021-12-07,15.6,15.6,15.6,15.6,100,0
2021-12-07,15.555,15.555,15.555,15.555,100,0
2021-12-07,15.56,15.56,15.56,15.56,100,0
2021-12-07,15.33,15.33,15.33,15.33,300,0
2021-12-07,15.27,15.27,15.27,15.27,197,0
2021-12-07,15.31,15.31,15.3,15.3,400,0
2021-12-07,14.97,14.97,14.97,14.97,109,0
2021-12-07,14.97,14.99,14.97,14.99,307,0
2021-12-07,15.08,15.08,15.08,15.08,100,0
2021-12-07,15.12,15.12,15.11,15.11,274,0
2021-12-07,15.22,15.22,15.22,15.22,103,0
2021-12-07,15.27,15.27,15.27,15.27,100,0
2021-12-07,15.25,15.25,15.25,15.25,100,0
2021-12-07,15.1,15.1,15.1,15.1,600,0
2021-12-07,15.08,15.08,15.08,15.08,200,0
2021-12-07,15.07,15.085,15.07,15.085,200,0
2021-12-07,15.02,15.02,15.02,15.02,130,0
2021-12-07,15.2,15.2,15.2,15.2,100,0
2021-12-07,15.36,15.37,15.36,15.37,300,0
2021-12-07,15.44,15.44,15.44,15.44,100,0
2021-12-07,15.41,15.41,15.41,15.41,200,0
2021-12-07,15.39,15.39,15.35,15.35,200,0
2021-12-07,15.23,15.23,15.23,15.23,100,0
2021-12-07,15.34,15.34,15.34,15.34,300,0
2021-12-07,15.38,15.39,15.38,15.39,300,0
2021-12-07,15.41,15.41,15.41,15.41,100,0
2021-12-07,15.35,15.35,15.35,15.35,300,0
2021-12-07,15.33,15.33,15.33,15.33,196,0
2021-12-07,15.41,15.41,15.41,15.41,206,0
2021-12-07,15.495,15.495,15.495,15.495,100,0
2021-12-07,15.475,15.475,15.475,15.475,100,0
2021-12-07,15.53,15.53,15.52,15.52,400,0
2021-12-07,15.54,15.54,15.53,15.53,200,0
2021-12-07,15.535,15.535,15.535,15.535,129,0
2021-12-07,15.515,15.515,15.48,15.48,1600,0
2021-12-07,15.52,15.555,15.52,15.555,300,0
2021-12-07,15.55,15.55,15.55,15.55,100,0
2021-12-07,15.46,15.46,15.46,15.46,100,0
2021-12-07,15.49,15.495,15.49,15.495,200,0
2021-12-07,15.43,15.43,15.43,15.43,100,0
2021-12-07,15.47,15.49,15.47,15.49,200,0
2021-12-07,15.43,15.43,15.43,15.43,100,0
2021-12-07,15.31,15.31,15.31,15.31,300,0
2021-12-07,15.33,15.33,15.33,15.33,108,0
2021-12-07,15.28,15.28,15.28,15.28,278,0
2021-12-07,15.23,15.23,15.23,15.23,100,0
2021-12-07,15.19,15.19,15.19,15.19,181,0
2021-12-07,15.23,15.23,15.23,15.23,200,0
2021-12-07,15.16,15.16,15.16,15.16,100,0
2021-12-07,15.18,15.18,15.18,15.18,150,0
2021-12-07,15.16,15.16,15.16,15.16,200,0
2021-12-07,15.14,15.14,15.14,15.14,100,0
2021-12-07,15.14,15.14,15.14,15.14,334,0
2021-12-07,15.12,15.12,15.12,15.12,206,0
2021-12-07,15.1,15.1,15.1,15.1,218,0
2021-12-07,15.065,15.065,15.065,15.065,100,0
2021-12-07,15.05,15.05,15.05,15.05,215,0
2021-12-07,15.05,15.05,15.05,15.05,141,0
2021-12-07,15.015,15.015,15.01,15.01,200,0
2021-12-07,15.02,15.02,15.02,15.02,479,0
2021-12-07,14.99,14.99,14.99,14.99,106,0
2021-12-07,15.025,15.025,15.02,15.02,222,0
2021-12-07,15.03,15.03,15.03,15.03,100,0
2021-12-07,15.085,15.085,15.085,15.085,100,0
2021-12-07,15.08,15.08,15.08,15.08,100,0
2021-12-07,15.08,15.08,15.08,15.08,154,0
2021-12-07,15.075,15.08,15.07,15.07,642,0
2021-12-08,15.09,15.09,15.09,15.09,374,0
2021-12-08,14.56,14.56,14.56,14.56,321,0
2021-12-08,14.78,14.78,14.78,14.78,200,0
2021-12-08,15.05,15.05,15.05,15.05,1871,0
2021-12-08,15.23,15.23,15.23,15.23,175,0
2021-12-08,15.14,15.14,15.14,15.14,400,0
2021-12-08,14.86,14.86,14.86,14.86,100,0
2021-12-08,14.72,14.72,14.72,14.72,284,0
2021-12-08,14.82,14.82,14.82,14.82,500,0
2021-12-08,14.96,14.97,14.96,14.97,714,0
2021-12-08,15.01,15.01,15.01,15.01,400,0
2021-12-08,15.04,15.04,15.04,15.04,203,0
2021-12-08,15.14,15.14,15.13,15.13,400,0
2021-12-08,15.12,15.12,15.12,15.12,100,0
2021-12-08,15.16,15.16,15.16,15.16,100,0
2021-12-08,15.27,15.27,15.23,15.23,228,0
2021-12-08,15.18,15.18,15.18,15.18,248,0
2021-12-08,15.155,15.155,15.155,15.155,200,0
2021-12-08,15.04,15.04,15.04,15.04,100,0
2021-12-08,15.05,15.05,15.05,15.05,300,0
2021-12-08,15.08,15.105,15.07,15.07,1447,0
2021-12-08,14.975,14.975,14.97,14.97,300,0
2021-12-08,14.91,14.91,14.83,14.83,400,0
2021-12-08,14.86,14.86,14.86,14.86,100,0
2021-12-08,14.98,14.995,14.98,14.98,500,0
2021-12-08,15.02,15.03,15.02,15.02,300,0
2021-12-08,15.04,15.04,15.04,15.04,102,0
2021-12-08,15.02,15.02,15.02,15.02,194,0
2021-12-08,15.02,15.02,15.02,15.02,100,0
2021-12-08,14.94,14.98,14.94,14.98,1282,0
2021-12-08,15.04,15.04,15.04,15.04,100,0
2021-12-08,15.04,15.04,15.04,15.04,100,0
2021-12-08,15.12,15.12,15.11,15.11,600,0
2021-12-08,15.11,15.11,15.11,15.11,100,0
2021-12-08,15.1,15.1,15.1,15.1,324,0
2021-12-08,15.1,15.1,15.1,15.1,100,0
2021-12-08,15.03,15.03,15.03,15.03,191,0
2021-12-08,15.05,15.05,15.05,15.05,200,0
2021-12-08,15.14,15.14,15.14,15.14,100,0
2021-12-08,15.13,15.13,15.13,15.13,100,0
2021-12-08,14.95,14.95,14.95,14.95,100,0
2021-12-08,14.98,14.98,14.98,14.98,207,0
2021-12-08,14.97,14.97,14.97,14.97,100,0
2021-12-08,15.06,15.06,15.06,15.06,100,0
2021-12-08,15,15,15,15,100,0
2021-12-08,14.98,14.98,14.98,14.98,300,0
2021-12-08,14.93,14.98,14.93,14.98,200,0
2021-12-08,14.96,14.96,14.96,14.96,100,0
2021-12-08,14.97,14.97,14.96,14.96,300,0
2021-12-08,14.96,14.96,14.96,14.96,100,0
2021-12-08,15.065,15.065,15.065,15.065,100,0
2021-12-08,15.01,15.01,15.01,15.01,100,0
2021-12-08,14.96,14.96,14.96,14.96,100,0
2021-12-08,14.99,14.99,14.99,14.99,100,0
2021-12-08,14.995,14.995,14.995,14.995,100,0
2021-12-08,14.99,14.99,14.99,14.99,100,0
2021-12-08,14.855,14.855,14.855,14.855,100,0
2021-12-08,14.925,14.925,14.925,14.925,100,0
2021-12-08,14.98,14.98,14.98,14.98,100,0
2021-12-08,14.95,14.95,14.95,14.95,100,0
2021-12-08,14.97,14.97,14.97,14.97,300,0
2021-12-08,14.96,14.96,14.96,14.96,500,0
2021-12-08,14.945,14.945,14.945,14.945,200,0
2021-12-08,14.95,14.95,14.915,14.915,1000,0
2021-12-08,14.915,14.915,14.915,14.915,100,0
2021-12-08,14.92,14.92,14.895,14.895,700,0
2021-12-08,14.89,14.89,14.89,14.89,200,0
2021-12-08,14.905,14.905,14.905,14.905,433,0
2021-12-08,14.9,14.9,14.9,14.9,250,0
2021-12-08,14.84,14.85,14.84,14.85,300,0
2021-12-08,14.855,14.855,14.855,14.855,100,0
2021-12-08,14.85,14.86,14.85,14.86,367,0
2021-12-08,14.84,14.84,14.84,14.84,214,0
2021-12-08,14.79,14.79,14.79,14.79,121,0
2021-12-08,14.77,14.77,14.77,14.77,242,0
2021-12-08,14.74,14.74,14.74,14.74,100,0
2021-12-08,14.755,14.76,14.755,14.76,650,0
2021-12-08,14.77,14.77,14.75,14.75,200,0
2021-12-08,14.76,14.76,14.76,14.76,300,0
2021-12-08,14.74,14.74,14.74,14.74,100,0
2021-12-08,14.74,14.75,14.74,14.75,250,0
2021-12-08,14.73,14.74,14.73,14.73,400,0
2021-12-08,14.74,14.74,14.74,14.74,285,0
2021-12-09,14.28,14.28,14.26,14.26,412,0
2021-12-09,14.33,14.33,14.33,14.33,100,0
2021-12-09,14.42,14.42,14.42,14.42,200,0
2021-12-09,14.35,14.35,14.35,14.35,100,0
2021-12-09,14.11,14.11,14.11,14.11,600,0
2021-12-09,14.24,14.24,14.24,14.24,100,0
2021-12-09,14.09,14.09,14.09,14.09,100,0
2021-12-09,13.95,13.95,13.95,13.95,150,0
2021-12-09,14.045,14.045,14.045,14.045,100,0
2021-12-09,13.81,13.81,13.81,13.81,100,0
2021-12-09,13.87,13.87,13.87,13.87,162,0
2021-12-09,13.92,13.92,13.92,13.92,148,0
2021-12-09,13.97,13.97,13.97,13.97,104,0
2021-12-09,14.01,14.01,14.01,14.01,100,0
2021-12-09,14.035,14.07,14.035,14.07,300,0
2021-12-09,14.01,14.01,14.01,14.01,100,0
2021-12-09,14.06,14.06,14.06,14.06,321,0
2021-12-09,13.965,13.965,13.965,13.965,152,0
2021-12-09,14.02,14.02,14.02,14.02,158,0
2021-12-09,14.04,14.09,14.04,14.09,500,0
2021-12-09,14.04,14.04,13.81,13.83,2427,0
2021-12-09,13.86,13.96,13.86,13.96,1526,0
2021-12-09,14.01,14.01,14.01,14.01,179,0
2021-12-09,13.84,13.84,13.84,13.84,100,0
2021-12-09,13.76,13.775,13.76,13.775,600,0
2021-12-09,13.86,13.86,13.86,13.86,100,0
2021-12-09,13.87,13.87,13.87,13.87,200,0
2021-12-09,13.89,13.89,13.89,13.89,100,0
2021-12-09,13.86,13.87,13.86,13.87,200,0
2021-12-09,13.89,13.89,13.89,13.89,200,0
2021-12-09,13.88,13.88,13.88,13.88,298,0
2021-12-09,14.01,14.01,14.01,14.01,350,0
2021-12-09,14,14.01,13.99,14.01,1700,0
2021-12-09,14.06,14.06,14.06,14.06,100,0
2021-12-09,14.01,14.01,14.01,14.01,300,0
2021-12-09,14.14,14.14,14.14,14.14,100,0
2021-12-09,14.145,14.15,14.145,14.15,355,0
2021-12-09,14.16,14.16,14.16,14.16,100,0
2021-12-09,14.22,14.29,14.22,14.29,300,0
2021-12-09,14.11,14.11,14.11,14.11,100,0
2021-12-09,13.89,13.89,13.89,13.89,100,0
2021-12-09,14,14,14,14,100,0
2021-12-09,13.99,13.99,13.95,13.95,400,0
2021-12-09,14,14,14,14,244,0
2021-12-09,14.11,14.11,14.11,14.11,100,0
2021-12-09,14.05,14.05,14.05,14.05,200,0
2021-12-09,14.06,14.06,14.05,14.05,300,0
2021-12-09,13.88,13.88,13.88,13.88,100,0
2021-12-09,13.87,13.87,13.87,13.87,100,0
2021-12-09,13.86,13.86,13.86,13.86,100,0
2021-12-09,13.92,13.95,13.92,13.95,1095,0
2021-12-09,14.05,14.05,14.05,14.05,105,0
2021-12-09,14.04,14.05,14.04,14.04,950,0
2021-12-09,14.07,14.07,14.07,14.07,200,0
2021-12-09,14.05,14.05,14.05,14.05,300,0
2021-12-09,13.97,13.97,13.97,13.97,100,0
2021-12-09,13.94,13.94,13.94,13.94,100,0
2021-12-09,13.935,13.935,13.935,13.935,100,0
2021-12-09,13.96,13.97,13.96,13.97,409,0
2021-12-09,14.06,14.06,14.06,14.06,100,0
2021-12-09,13.98,13.98,13.98,13.98,100,0
2021-12-09,14,14,14,14,100,0
2021-12-09,14,14,14,14,100,0
2021-12-09,13.97,13.97,13.97,13.97,299,0
2021-12-09,13.89,13.89,13.89,13.89,100,0
2021-12-09,13.8,13.8,13.8,13.8,300,0
2021-12-09,13.735,13.735,13.735,13.735,100,0
2021-12-09,13.765,13.765,13.765,13.765,100,0
2021-12-09,13.725,13.725,13.725,13.725,500,0
2021-12-09,13.705,13.705,13.68,13.68,450,0
2021-12-09,13.68,13.68,13.68,13.68,414,0
2021-12-09,13.55,13.55,13.55,13.55,125,0
2021-12-09,13.57,13.57,13.57,13.57,100,0
2021-12-09,13.72,13.72,13.72,13.72,100,0
2021-12-09,13.71,13.71,13.7,13.7,500,0
2021-12-09,13.7,13.7,13.7,13.7,200,0
2021-12-09,13.63,13.63,13.63,13.63,200,0
2021-12-09,13.595,13.595,13.595,13.595,200,0
2021-12-09,13.61,13.61,13.61,13.61,100,0
2021-12-09,13.63,13.63,13.63,13.63,101,0
2021-12-09,13.6,13.61,13.6,13.61,200,0
2021-12-09,13.61,13.61,13.61,13.61,200,0
2021-12-09,13.665,13.665,13.665,13.665,100,0
2021-12-09,13.665,13.665,13.665,13.665,100,0
2021-12-09,13.62,13.62,13.62,13.62,100,0
2021-12-09,13.63,13.63,13.63,13.63,100,0
2021-12-09,13.63,13.63,13.63,13.63,100,0
2021-12-09,13.6,13.6,13.59,13.59,200,0
2021-12-09,13.59,13.59,13.575,13.575,202,0
2021-12-09,13.52,13.52,13.515,13.515,200,0
2021-12-09,13.53,13.53,13.53,13.53,318,0
2021-12-09,13.545,13.545,13.545,13.545,100,0
2021-12-09,13.62,13.62,13.62,13.62,100,0
2021-12-09,13.58,13.58,13.57,13.57,200,0
2021-12-09,13.55,13.55,13.55,13.55,100,0
2021-12-09,13.545,13.545,13.545,13.545,300,0
2021-12-09,13.53,13.53,13.53,13.53,100,0
2021-12-09,13.555,13.56,13.555,13.56,282,0
2021-12-09,13.59,13.61,13.59,13.61,200,0
2021-12-09,13.58,13.58,13.58,13.58,100,0
2021-12-09,13.565,13.565,13.565,13.565,100,0
2021-12-09,13.49,13.49,13.47,13.47,207,0
2021-12-09,13.51,13.51,13.51,13.51,100,0
2021-12-09,13.495,13.495,13.495,13.495,175,0
2021-12-09,13.44,13.46,13.44,13.46,350,0
2021-12-09,13.48,13.48,13.48,13.48,175,0
2021-12-09,13.465,13.465,13.445,13.45,319,0
2021-12-09,13.48,13.49,13.48,13.49,300,0
2021-12-09,13.49,13.49,13.49,13.49,251,0
2021-12-09,13.48,13.48,13.475,13.475,408,0
2021-12-09,13.445,13.45,13.42,13.42,878,0
2021-12-09,13.365,13.37,13.365,13.37,265,0
2021-12-09,13.355,13.38,13.355,13.38,499,0
2021-12-09,13.415,13.42,13.4,13.42,587,0
2021-12-09,13.435,13.435,13.435,13.435,113,0
2021-12-09,13.44,13.44,13.42,13.42,312,0
2021-12-09,13.42,13.42,13.39,13.39,450,0
2021-12-09,13.425,13.425,13.425,13.425,216,0
2021-12-09,13.43,13.43,13.42,13.42,229,0
2021-12-09,13.46,13.48,13.46,13.48,410,0
2021-12-09,13.515,13.52,13.5,13.5,415,0
2021-12-09,13.51,13.51,13.475,13.48,625,0
2021-12-09,13.46,13.47,13.46,13.47,400,0
2021-12-09,13.47,13.47,13.47,13.47,100,0
2021-12-09,13.41,13.41,13.41,13.41,108,0
2021-12-09,13.43,13.44,13.42,13.44,488,0
2021-12-10,13.9,13.9,13.9,13.9,199,0
2021-12-10,13.95,13.95,13.95,13.95,200,0
2021-12-10,13.79,13.79,13.77,13.77,832,0
2021-12-10,13.6,13.61,13.6,13.61,200,0
2021-12-10,13.53,13.55,13.52,13.52,600,0
2021-12-10,13.56,13.56,13.56,13.56,100,0
2021-12-10,13.47,13.49,13.47,13.49,1107,0
2021-12-10,13.49,13.49,13.49,13.49,298,0
2021-12-10,13.47,13.47,13.47,13.47,208,0
2021-12-10,13.48,13.495,13.48,13.495,1022,0
2021-12-10,13.47,13.47,13.47,13.47,146,0
2021-12-10,13.42,13.42,13.42,13.42,100,0
2021-12-10,13.36,13.36,13.36,13.36,110,0
2021-12-10,13.41,13.41,13.41,13.41,1413,0
2021-12-10,13.435,13.435,13.435,13.435,850,0
2021-12-10,13.535,13.54,13.535,13.54,303,0
2021-12-10,13.62,13.62,13.62,13.62,192,0
2021-12-10,13.49,13.49,13.49,13.49,100,0
2021-12-10,13.49,13.49,13.49,13.49,100,0
2021-12-10,13.34,13.34,13.34,13.34,100,0
2021-12-10,13.34,13.34,13.34,13.34,100,0
2021-12-10,13.37,13.37,13.37,13.37,250,0
2021-12-10,13.25,13.25,13.25,13.25,100,0
2021-12-10,13.21,13.21,13.21,13.21,175,0
2021-12-10,13.24,13.24,13.24,13.24,100,0
2021-12-10,13.25,13.25,13.25,13.25,158,0
2021-12-10,13.11,13.11,13.11,13.11,175,0
2021-12-10,13.01,13.01,13.01,13.01,100,0
2021-12-10,13.11,13.11,13.11,13.11,362,0
2021-12-10,13.07,13.07,13.07,13.07,200,0
2021-12-10,13.01,13.01,13.01,13.01,320,0
2021-12-10,13.045,13.05,13.045,13.045,900,0
2021-12-10,13.1,13.1,13.1,13.1,350,0
2021-12-10,13.18,13.19,13.18,13.19,468,0
2021-12-10,13.235,13.235,13.235,13.235,906,0
2021-12-10,13.13,13.13,13.13,13.13,100,0
2021-12-10,13.14,13.14,13.14,13.14,500,0
2021-12-10,13.18,13.18,13.18,13.18,100,0
2021-12-10,13.14,13.14,13.14,13.14,152,0
2021-12-10,13.16,13.16,13.16,13.16,100,0
2021-12-10,13.14,13.14,13.14,13.14,164,0
2021-12-10,13.14,13.14,13.14,13.14,162,0
2021-12-10,13.17,13.17,13.17,13.17,100,0
2021-12-10,13.135,13.135,13.135,13.135,675,0
2021-12-10,13.11,13.11,13.11,13.11,300,0
2021-12-10,13.09,13.09,13.09,13.09,100,0
2021-12-10,13.09,13.09,13.09,13.09,100,0
2021-12-10,13.03,13.03,13.03,13.03,100,0
2021-12-10,13,13,13,13,235,0
2021-12-10,13.03,13.03,13.03,13.03,100,0
2021-12-10,13.01,13.01,13.01,13.01,696,0
2021-12-10,13.075,13.075,13.075,13.075,718,0
2021-12-10,13.1,13.13,13.095,13.13,800,0
2021-12-10,13.13,13.13,13.13,13.13,109,0
2021-12-10,13.165,13.165,13.15,13.15,321,0
2021-12-10,13.19,13.19,13.19,13.19,100,0
2021-12-10,13.215,13.215,13.215,13.215,100,0
2021-12-10,13.31,13.31,13.3,13.3,200,0
2021-12-10,13.28,13.28,13.26,13.26,310,0
2021-12-10,13.335,13.34,13.335,13.34,803,0
2021-12-10,13.32,13.32,13.32,13.32,100,0
2021-12-10,13.27,13.27,13.27,13.27,141,0
2021-12-10,13.32,13.32,13.32,13.32,100,0
2021-12-10,13.31,13.32,13.31,13.32,300,0
2021-12-10,13.33,13.33,13.33,13.33,406,0
2021-12-10,13.33,13.33,13.31,13.31,308,0
2021-12-10,13.3,13.35,13.3,13.35,400,0
2021-12-10,13.34,13.34,13.34,13.34,120,0
2021-12-10,13.32,13.32,13.32,13.32,200,0
2021-12-10,13.35,13.35,13.34,13.34,200,0
2021-12-10,13.34,13.34,13.34,13.34,300,0
2021-12-10,13.44,13.47,13.41,13.41,778,0
2021-12-10,13.435,13.435,13.435,13.435,100,0
2021-12-10,13.35,13.35,13.35,13.35,200,0
2021-12-10,13.39,13.39,13.39,13.39,181,0
2021-12-10,13.35,13.395,13.35,13.395,211,0
2021-12-10,13.425,13.43,13.425,13.43,300,0
2021-12-10,13.43,13.43,13.43,13.43,200,0
2021-12-10,13.41,13.41,13.41,13.41,100,0
2021-12-10,13.38,13.385,13.38,13.385,601,0
2021-12-10,13.405,13.405,13.405,13.405,200,0
2021-12-10,13.415,13.415,13.415,13.415,100,0
2021-12-10,13.355,13.355,13.33,13.33,422,0
2021-12-10,13.35,13.35,13.34,13.34,444,0
2021-12-10,13.3,13.3,13.3,13.3,100,0
2021-12-10,13.28,13.28,13.28,13.28,100,0
2021-12-10,13.325,13.325,13.325,13.325,206,0
2021-12-10,13.285,13.285,13.27,13.27,200,0
2021-12-10,13.285,13.285,13.285,13.285,100,0
2021-12-10,13.29,13.29,13.29,13.29,372,0
2021-12-10,13.3,13.3,13.3,13.3,179,0
2021-12-10,13.32,13.32,13.32,13.32,112,0
2021-12-10,13.315,13.315,13.31,13.31,200,0
2021-12-10,13.32,13.32,13.32,13.32,781,0
2021-12-10,13.32,13.32,13.32,13.32,322,0
2021-12-10,13.35,13.35,13.35,13.35,410,0
2021-12-10,13.36,13.36,13.36,13.36,100,0
2021-12-10,13.35,13.35,13.35,13.35,100,0
2021-12-10,13.375,13.375,13.375,13.375,127,0
2021-12-10,13.375,13.375,13.375,13.375,497,0
2021-12-10,13.37,13.37,13.36,13.36,887,0
2021-12-10,13.39,13.39,13.39,13.39,106,0
2021-12-10,13.39,13.395,13.39,13.395,505,0
2021-12-10,13.34,13.34,13.34,13.34,100,0
2021-12-10,13.32,13.32,13.32,13.32,200,0
2021-12-10,13.315,13.315,13.315,13.315,157,0
2021-12-10,13.32,13.32,13.32,13.32,100,0
2021-12-10,13.35,13.35,13.35,13.35,332,0
2021-12-10,13.34,13.34,13.34,13.34,202,0
2021-12-10,13.365,13.365,13.365,13.365,100,0
2021-12-10,13.365,13.37,13.365,13.37,400,0
2021-12-10,13.37,13.37,13.37,13.37,445,0
2021-12-10,13.37,13.37,13.37,13.37,100,0
2021-12-10,13.375,13.375,13.375,13.375,200,0
2021-12-10,13.385,13.385,13.385,13.385,100,0
2021-12-10,13.39,13.39,13.36,13.36,400,0
2021-12-10,13.375,13.375,13.375,13.375,476,0
2021-12-10,13.375,13.38,13.375,13.375,304,0
2021-12-10,13.38,13.39,13.38,13.39,204,0
2021-12-10,13.42,13.42,13.42,13.42,644,0
2021-12-10,13.41,13.41,13.41,13.41,100,0
2021-12-10,13.41,13.41,13.41,13.41,200,0
2021-12-10,13.39,13.395,13.39,13.395,350,0
2021-12-10,13.38,13.38,13.38,13.38,154,0
2021-12-10,13.395,13.395,13.395,13.395,150,0
2021-12-10,13.42,13.42,13.42,13.42,100,0
2021-12-10,13.445,13.46,13.445,13.46,631,0
2021-12-10,13.485,13.485,13.485,13.485,100,0
2021-12-10,13.495,13.495,13.47,13.47,525,0
2021-12-10,13.44,13.44,13.44,13.44,200,0
2021-12-10,13.44,13.455,13.44,13.455,347,0
2021-12-10,13.455,13.455,13.455,13.455,554,0
2021-12-10,13.46,13.46,13.46,13.46,255,0
2021-12-10,13.435,13.435,13.435,13.435,157,0
2021-12-10,13.43,13.435,13.43,13.435,204,0
2021-12-10,13.43,13.43,13.4,13.4,434,0
2021-12-10,13.42,13.42,13.42,13.42,346,0
2021-12-10,13.41,13.41,13.41,13.41,321,0
2021-12-10,13.41,13.41,13.41,13.41,111,0
2021-12-10,13.41,13.41,13.38,13.4,506,0
2021-12-10,13.38,13.38,13.38,13.38,387,0
2021-12-10,13.37,13.37,13.37,13.37,275,0
2021-12-10,13.39,13.415,13.39,13.41,851,0
2021-12-10,13.415,13.425,13.41,13.425,1644,0
2021-12-10,13.425,13.425,13.425,13.425,334,0
2021-12-13,12.95,12.95,12.95,12.95,209,0
2021-12-13,12.98,12.99,12.98,12.99,206,0
2021-12-13,13.17,13.17,13.13,13.13,200,0
2021-12-13,12.945,12.945,12.945,12.945,294,0
2021-12-13,13.24,13.24,13.24,13.24,125,0
2021-12-13,13.185,13.185,13.185,13.185,100,0
2021-12-13,13.125,13.125,13.125,13.125,100,0
2021-12-13,13.12,13.12,13.12,13.12,100,0
2021-12-13,12.98,12.98,12.98,12.98,100,0
2021-12-13,13.01,13.01,13,13,400,0
2021-12-13,12.98,12.99,12.98,12.99,300,0
2021-12-13,12.94,12.94,12.94,12.94,100,0
2021-12-13,13.07,13.07,13.07,13.07,200,0
2021-12-13,13.1,13.1,13.1,13.1,100,0
2021-12-13,13.1,13.1,13.1,13.1,108,0
2021-12-13,13.03,13.03,13.03,13.03,109,0
2021-12-13,12.83,12.83,12.83,12.83,209,0
2021-12-13,12.84,12.845,12.84,12.845,250,0
2021-12-13,12.77,12.77,12.77,12.77,200,0
2021-12-13,12.9,12.9,12.9,12.9,100,0
2021-12-13,12.73,12.73,12.65,12.7,400,0
2021-12-13,12.71,12.72,12.71,12.72,316,0
2021-12-13,12.68,12.68,12.68,12.68,155,0
2021-12-13,12.62,12.64,12.62,12.64,400,0
2021-12-13,12.655,12.66,12.655,12.66,249,0
2021-12-13,12.74,12.74,12.74,12.74,100,0
2021-12-13,12.64,12.64,12.64,12.64,185,0
2021-12-13,12.63,12.63,12.62,12.62,400,0
2021-12-13,12.655,12.655,12.655,12.655,100,0
2021-12-13,12.57,12.57,12.57,12.57,300,0
2021-12-13,12.49,12.49,12.49,12.49,100,0
2021-12-13,12.49,12.49,12.49,12.49,317,0
2021-12-13,12.45,12.45,12.45,12.45,100,0
2021-12-13,12.47,12.47,12.47,12.47,100,0
2021-12-13,12.49,12.49,12.49,12.49,100,0
2021-12-13,12.44,12.44,12.44,12.44,100,0
2021-12-13,12.475,12.475,12.475,12.475,100,0
2021-12-13,12.48,12.485,12.48,12.485,200,0
2021-12-13,12.6,12.6,12.6,12.6,100,0
2021-12-13,12.695,12.695,12.695,12.695,113,0
2021-12-13,12.66,12.66,12.66,12.66,100,0
2021-12-13,12.665,12.665,12.665,12.665,100,0
2021-12-13,12.69,12.69,12.69,12.69,100,0
2021-12-13,12.66,12.66,12.66,12.66,100,0
2021-12-13,12.69,12.69,12.69,12.69,289,0
2021-12-13,12.64,12.64,12.64,12.64,114,0
2021-12-13,12.61,12.61,12.61,12.61,211,0
2021-12-13,12.6,12.6,12.6,12.6,100,0
2021-12-13,12.56,12.56,12.56,12.56,100,0
2021-12-13,12.73,12.74,12.73,12.74,300,0
2021-12-13,12.78,12.78,12.78,12.78,200,0
2021-12-13,12.74,12.74,12.74,12.74,100,0
2021-12-13,12.765,12.77,12.765,12.77,310,0
2021-12-13,12.79,12.79,12.79,12.79,100,0
2021-12-13,12.79,12.79,12.79,12.79,100,0
2021-12-13,12.795,12.795,12.795,12.795,200,0
2021-12-13,12.78,12.78,12.78,12.78,200,0
2021-12-13,12.84,12.84,12.84,12.84,100,0
2021-12-13,12.76,12.76,12.76,12.76,141,0
2021-12-13,12.75,12.78,12.75,12.78,200,0
2021-12-13,12.75,12.75,12.75,12.75,100,0
2021-12-13,12.82,12.82,12.82,12.82,300,0
2021-12-13,12.78,12.78,12.78,12.78,109,0
2021-12-13,12.83,12.83,12.83,12.83,200,0
2021-12-13,12.8,12.8,12.8,12.8,100,0
2021-12-13,12.75,12.75,12.75,12.75,212,0
2021-12-13,12.755,12.755,12.755,12.755,200,0
2021-12-13,12.73,12.73,12.73,12.73,133,0
