Date,Open,High,Low,Close,Volume,OpenInterest
1577077200,321.59,321.65,321.06,321.22,39140644,0
1577163600,321.47,321.52,320.9,321.26,16067681,0
1577336400,321.65,322.93,321.64,322.91,27114092,0
1577422800,323.74,323.8,322.28,322.86,35123062,0
1577682000,322.95,323.1,320.55,321.1,41848090,0
1577768400,320.53,322.13,320.15,321.89,38134256,0
1577941200,323.54,324.85,322.53,324.84,48217559,0
1578027600,321.16,323.64,321.1,322.44,58408809,0
1578286800,320.49,323.73,320.36,323.67,43105385,0
1578373200,323.02,323.54,322.24,322.76,33909984,0
1578459600,322.94,325.78,322.67,324.42,56581814,0
1578546000,326.16,326.73,325.52,326.62,43365068,0
1578632400,327.2899,327.46,325.2,325.7,44989039,0
1578891600,326.39,327.96,325.92,327.94,36691541,0
1578978000,327.47,328.62,326.844,327.43,53797230,0
1579064400,327.35,329.02,327.26,328.17,58544879,0
1579150800,329.7,330.91,329.45,330.9,41650723,0
1579237200,331.7,332.18,331.07,332.01,61972948,0
1579582800,330.9,332.18,330.82,331.31,61781634,0
1579669200,332.24,332.95,331.17,331.39,43124687,0
1579755600,330.63,331.92,329.41,331.74,41825254,0
1579842000,332.44,332.53,327.36,328.75,75281306,0
1580101200,323.03,325.12,322.66,323.52,68815393,0
1580187600,325.06,327.85,324.55,326.89,54777923,0
1580274000,328.38,328.63,326.4,326.62,43526297,0
1580360400,324.36,327.91,323.54,327.66,67790010,0
1580446800,327,327.17,320.73,321.74,94752845,0
1580706000,323.35,326.16,323.22,324.14,59060165,0
1580792400,328.07,330.01,327.72,329.08,52512833,0
1580878800,332.27,333.09,330.67,332.82,52702659,0
1580965200,333.91,334.19,332.8,333.96,42644695,0
1581051600,332.82,333.9941,331.6,332.2,51735741,0
1581310800,331.23,334.72,331.19,334.69,34150738,0
1581397200,336.16,337.02,334.75,335.29,48887097,0
1581483600,336.83,337.65,336.43,337.41,34994420,0
1581570000,335.8621,338.12,335.56,337.08,45560340,0
1581656400,337.51,337.73,336.2,337.6,51458637,0
1582002000,336.51,337.6677,335.21,336.7,48549842,0
1582088400,337.79,339.08,337.48,338.31,36077810,0
1582174800,337.7423,338.64,333.6817,336.98,67359056,0
1582261200,335.47,335.81,332.58,333.49,93107633,0
1582520400,323.14,333.5623,321.24,322.41,134914814,0
1582606800,323.94,324.61,311.69,312.7,193671224,0
1582693200,314.18,318.11,310.7,311.55,169524961,0
1582779600,305.46,311.5637,297.52,297.55,249706794,0
1582866000,288.7,297.892,285.54,296.16,332038241,0
1583125200,298.21,309.16,294.46,309.08,205636837,0
1583211600,309.5,313.84,297.57,300.34,271529926,0
1583298000,306.12,313.1,303.33,312.91,147338447,0
1583384400,304.98,308.47,300.01,302.45,159971245,0
1583470800,293.15,298.78,290.23,297.42,198657535,0
1583726400,275.3,284.19,273.45,274.4,277300725,0
1583812800,284.64,288.52,273.5,288.44,246644123,0
1583899200,280.7,281.94,270.88,274.36,231055382,0
1583985600,256,266.66,247.68,248.1,346670590,0
1584072000,263.09,271.08,249.58,270.93,285392181,0
1584331200,241.18,256.9,237.36,239.41,261784489,0
1584417600,245.04,256.17,237.07,254.19,231018081,0
1584504000,236.25,248.37,228.02,241.01,298252778,0
1584590400,239.25,247.38,232.22,241.16,261233795,0
1584676800,242.53,244.47,228.5,228.94,302880969,0
1584936000,228.19,229.6833,218.26,222.51,280560712,0
1585022400,234.42,244.1,233.8,243.59,211595249,0
1585108800,244.87,256.35,239.75,246.77,277138668,0
1585195200,249.52,262.8,249.05,261.39,221727030,0
1585281600,253.27,260.81,251.05,253.39,191462093,0
1585540800,255.7,262.43,253.53,261.68,139095982,0
1585627200,260.56,263.33,256.22,257.7,159223028,0
1585713600,247.98,257.6591,243.9,246.12,170515975,0
1585800000,245.19,252.68,244.59,251.87,155820022,0
1585886400,250.76,253.32,245.22,248.21,119985873,0
1586145600,257.84,267,256.725,264.96,158180083,0
1586232000,274.21,275.03,264.89,265.1,179838774,0
1586318400,267.96,276,265.56,274.07,136878928,0
1586404800,277.58,281.2,275.47,278.24,162670069,0
1586750400,277.14,277.51,271.41,275.57,103999212,0
1586836800,280.98,284.9,279.91,283.87,121013344,0
1586923200,277.57,283.9407,275.46,277.75,108679822,0
1587009600,279.15,280.03,275.76,279.21,109344567,0
1587096000,285.38,287.3,282.4,286.73,127775010,0
1587355200,282.61,286.7912,281.35,281.61,88642290,0
1587441600,276.73,278.04,272.02,273.02,114645831,0
1587528000,278.35,281,276.91,279.17,81404148,0
1587614400,280.49,283.94,278.75,279.06,97161664,0
1587700800,280.73,283.7,278.5,283.04,72860001,0
1587960000,285.12,288.27,284.62,287.11,67454166,0
1588046400,291.02,291.4,285.4,285.77,95561389,0
1588132800,291.53,294.88,290.41,293.19,102013837,0
1588219200,291.71,293.3239,288.59,290.39,101677550,0
1588305600,285.31,290.6572,281.52,282.73,111321036,0
1588564800,280.74,283.9,279.13,283.66,70199660,0
1588651200,286.64,289.25,285.75,286.22,72232658,0
1588737600,288.04,288.46,283.78,284.29,65371977,0
1588824000,287.75,289.78,287.13,287.7,68883538,0
1588910400,291.09,292.95,289.86,292.47,61414425,0
1589169600,290.34,294,289.88,292.56,62352506,0
1589256000,293.79,294.24,286.55,286.62,81606248,0
1589342400,286.06,287.19,278.965,281.67,125466121,0
1589428800,278.95,285.11,272.99,285.05,110106023,0
1589515200,282.37,286.33,281.34,286.26,91154055,0
1589774400,293.05,296.75,292.7,294.995,100556561,0
1589860800,294.35,296.205,291.95,292.02,78858186,0
1589947200,295.82,297.87,295.57,296.96,66280413,0
1590033600,296.79,297.67,293.6886,294.79,68594382,0
1590120000,294.57,295.63,293.22,295.42,53343811,0
1590465600,301.93,302.19,298.69,299.15,80281181,0
1590552000,302.12,303.57,296.87,303.48,92140472,0
1590638400,304.65,306.84,302.24,302.96,80456712,0
1590724800,302.46,304.96,299.47,304.16,101356845,0
1590984000,303.62,306.205,303.06,305.58,46186733,0
1591070400,306.55,308.13,305.1,308.13,66042497,0
1591156800,310.24,313.22,309.94,312.2117,79223813,0
1591243200,311.11,313,309.08,311.31,68304792,0
1591329600,317.23,321.275,317.16,319.27,122191709,0
1591588800,320.22,323.41,319.63,323.25,64329574,0
1591675200,320.3,323.2849,319.36,320.81,67642220,0
1591761600,321.42,322.39,318.2209,319.01,84064921,0
1591848000,311.46,312.15,300.01,300.62,182628939,0
1591934400,308.24,309.08,298.6,304.28,168502612,0
1592193600,298.02,308.28,296.74,307.03,123098924,0
1592280000,315.48,315.64,307.67,312.93,121907854,0
1592366400,314.07,314.39,310.86,311.56,74047487,0
1592452800,310.005,312.3,309.51,311.74,64298819,0
1592539200,314.17,314.38,306.53,308.56,111140318,0
1592798400,307.99,311.05,306.75,310.68,64108242,0
1592884800,313.49,314.5,311.6101,312.03,59566038,0
1592971200,309.84,310.51,302.1,304.12,114533687,0
1593057600,303.47,307.64,301.28,307.31,78829599,0
1593144000,306.16,306.39,299.42,300.01,108141755,0
1593403200,301.41,304.45,298.93,304.43,67646711,0
1593489600,303.99,310.2,303.82,308.57,84957211,0
1593576000,309.57,311.89,309.07,310.57,61458161,0
1593662400,314.24,315.7,311.51,312.18,58949794,0
1594008000,316.37,317.68,315.56,316.99,51838455,0
1594094400,315.38,317.52,313.37,313.72,71580669,0
1594180800,314.61,316.3,312.7,316.12,48600828,0
1594267200,316.84,317.1,310.68,314.42,74219671,0
1594353600,314.31,317.88,312.76,317.61,50032995,0
1594612800,320.13,322.71,314.13,314.81,87626307,0
1594699200,313.3,319.76,312,318.89,79292036,0
1594785600,322.41,323.04,319.265,321.865,75854842,0
1594872000,319.79,321.28,319.09,320.76,45895960,0
1594958400,321.88,322.57,319.735,321.67,53682925,0
1595217600,321.43,325.13,320.62,324.36,47626373,0
1595304000,326.45,326.93,323.94,324.96,49155550,0
1595390400,324.62,327.2,324.5,326.82,76092164,0
1595476800,326.47,327.23,321.72,322.935,81505661,0
1595563200,320.95,321.99,319.246,320.86,117984836,0
1595822400,321.63,323.41,320.775,323.18,42586195,0
1595908800,322.43,323.64,320.85,321.2,89313354,0
1595995200,322.12,325.73,322.075,325.09,87237532,0
1596081600,321.9,324.41,319.64,323.98,106103025,0
1596168000,325.9,326.61,321.33,326.55,129516546,0
1596427200,328.32,329.62,327.73,328.76,71741125,0
1596513600,327.86,330.06,327.86,330.03,73684427,0
1596600000,331.47,332.39,331.18,332.06,72846458,0
1596686400,331.4799,334.46,331.13,334.31,76900649,0
1596772800,333.28,334.88,332.3,334.55,98710236,0
1597032000,335.12,335.77,332.955,335.55,67942292,0
1597118400,336.85,337.54,332.01,332.82,118234337,0
1597204800,335.44,338.28,332.8377,337.42,91230107,0
1597291200,336.61,338.2514,335.83,336.86,72475270,0
1597377600,336.41,337.42,335.65,336.86,83898075,0
1597636800,337.94,338.34,336.8517,337.88,56151840,0
1597723200,338.34,339.1,336.61,338.62,66539876,0
1597809600,339.05,339.61,336.62,337.22,115453214,0
1597896000,335.36,338.8,335.22,338.25,71552086,0
1597982400,337.92,339.72,337.55,339.44,85164214,0
1598241600,342.12,343,339.4504,342.94,79073131,0
1598328000,343.53,344.21,342.27,344.0999,64468899,0
1598414400,344.76,347.86,344.17,347.56,87596268,0
1598500800,348.51,349.9,346.53,348.29,103934256,0
1598587200,349.44,350.72,348.15,350.54,84439190,0
1598846400,350.35,351.3,349.09,349.34,103053041,0
1598932800,350.21,352.69,349.24,352.56,92440865,0
1599019200,354.67,358.75,353.43,357.68,125347727,0
1599105600,355.87,356.38,342.59,345.41,254965602,0
1599192000,346.13,347.83,334.87,342.6,238539213,0
1599537600,336.71,342.64,332.88,333.26,196953429,0
1599624000,337.55,342.46,336.61,339.76,156548054,0
1599710400,342.15,342.53,332.85,333.92,148070421,0
1599796800,335.82,336.97,331,334.08,140223556,0
1600056000,337.49,340.38,334.2208,338.42,110083883,0
1600142400,341.12,342.02,338.4683,340.15,43908367,0
1600228800,341.51,343.06,338.52,338.81,70521698,0
1600315200,333.56,337.6996,332.991,335.86,80778657,0
1600401600,335.37,335.49,327.97,330.69,88780313,0
1600660800,325.7,327.09,321.73,327,86591719,0
1600747200,328.57,330.9,325.86,330.33,55495234,0
1600833600,330.9,331.2,322.1,322.66,78352297,0
1600920000,321.22,326.797,319.8,323.52,69365554,0
1601006400,322.58,329.58,321.64,328.69,59224994,0
1601265600,333.22,334.96,332.15,334.2,55126711,0
1601352000,333.97,334.77,331.6209,332.39,40442428,0
1601438400,333.09,338.29,332.88,334.89,78401575,0
1601524800,337.69,338.74,335.01,337.03,77057063,0
1601611200,331.7,337.0126,331.19,333.87,72797429,0
1601870400,336.06,339.96,336.01,339.73,38540997,0
1601956800,339.92,342.17,334.38,334.94,74231873,0
1602043200,338.12,341.63,338.09,340.73,40579189,0
1602129600,342.85,343.85,341.86,343.73,35858727,0
1602216000,345.56,347.35,344.89,346.84,45969566,0
1602475200,349.59,354.02,349.06,352.43,61163344,0
1602561600,352.28,352.4651,349.09,350.15,62272512,0
1602648000,350.75,351.93,347.14,347.97,47281475,0
1602734400,343.71,348.02,343.13,347.51,50665477,0
1602820800,348.96,350.75,347.1,347.25,62467863,0
1603080000,348.62,349.33,341.04,342.02,51690440,0
1603166400,343.46,346.88,342.64,343.34,48206853,0
1603252800,343.33,345.67,342.4,342.69,46745662,0
1603339200,342.96,345.24,340.65,344.63,45094573,0
1603425600,345.93,345.99,343.13,345.76,38718140,0
1603684800,342.13,342.98,335.62,339.415,79491839,0
1603771200,339.76,340.12,337.99,338.25,50634843,0
1603857600,332.1,338.2483,326.13,326.67,107939571,0
1603944000,326.91,333.395,325.09,329.99,74362731,0
1604030400,328.28,329.69,322.6,326.53,93413096,0
1604293200,330.2,332.36,327.24,330.21,69167640,0
1604379600,333.69,338.25,330.2935,335.97,74330624,0
1604466000,340.86,347.94,339.59,343.495,101560371,0
1604552400,349.25,352.19,348.86,350.21,67420157,0
1604638800,349.93,351.51,347.65,350.19,58137413,0
1604898000,363.97,364.38,354.06,354.54,140613847,0
1604984400,353.49,355.18,350.51,354.07,69143380,0
1605070800,356.4,357.56,355.06,356.62,45627772,0
1605157200,355.58,356.7182,351.26,353.28,57393573,0
1605243600,355.27,357.81,354.71,357.33,34319763,0
1605502800,360.98,362.49,359.59,362.43,55926517,0
1605589200,359.97,361.92,358.34,360.64,54021793,0
1605675600,360.91,361.5,356.24,356.29,57605438,0
1605762000,355.61,358.18,354.15,357.76,47610697,0
1605848400,357.5,357.72,355.25,355.34,47947194,0
1606107600,357.28,358.79,354.865,357.47,49938331,0
1606194000,360.21,363.805,359.29,363.19,49862168,0
1606280400,363.13,363.16,361.48,362.65,35309156,0
1606453200,363.84,364.18,362.58,363.65,46840189,0
1606712400,362.83,363.12,359.17,362,67154075,0
1606798800,365.57,367.68,364.93,365.97,64527332,0
1606885200,364.82,366.96,364.2,366.7599,37323404,0
1606971600,366.68,368.19,365.5,366.6698,52905586,0
1607058000,367.32,369.85,367.22,369.83,40264568,0
1607317200,369.02,369.62,367.72,369.12,40456544,0
1607403600,367.72,370.78,367.67,370.1599,32702217,0
1607490000,370.88,371.05,365.95,366.89,60700254,0
1607576400,365.37,367.86,364.43,366.72,47851654,0
1607662800,364.9,366.7402,363.26,366.28,47917103,0
1607922000,368.64,369.8,364.47,364.61,54732478,0
1608008400,367.4,369.5798,365.92,369.57,50997562,0
1608094800,369.82,371.16,368.8676,370.14,47524603,0
1608181200,371.94,372.46,371.05,372.21,50863245,0
1608267600,370.97,371.15,367.02,369.13,89156141,0
1608526800,364.97,378.46,362.03,367.93,73946581,0
1608613200,368.21,368.3317,366.03,367.22,41116443,0
1608699600,368.28,369.62,367.2172,367.53,37537811,0
1608786000,368.08,369.01,367.45,368.9899,21047937,0
1609131600,371.74,372.59,371.07,372.14,31589494,0
1609218000,373.81,374,370.83,371.48,45214280,0
1609304400,372.34,373.1,371.57,371.93,40295732,0
1609390800,371.78,374.66,371.232,373.85,52720911,0
1609736400,375.31,375.45,364.82,368.85,92938087,0
1609822800,368.1,372.5,368.05,371.32,53668865,0
1609909200,369.71,376.98,369.12,373.53,91989131,0
1609995600,376.1,379.9,375.91,379.06,58862006,0
1610082000,380.59,381.49,377.1,381.24,60275466,0
1610341200,377.85,380.58,377.7189,378.74,44814805,0
1610427600,378.89,379.86,376.36,378.81,45364896,0
1610514000,378.69,380.86,377.85,379.76,38355050,0
1610600400,380.59,381.13,378.1,378.45,41045335,0
1610686800,376.72,377.58,373.7,375.68,78405054,0
1611032400,378.34,379.23,376.75,378.63,42257108,0
1611118800,381.11,384.79,380.69,383.86,53064901,0
1611205200,384.49,384.95,383.25,384.2,41800991,0
1611291600,382.25,384.1256,381.835,382.86,39108239,0
1611550800,383.67,384.77,378.46,384.4,61090775,0
1611637200,385.41,385.85,383.54,383.83,36871235,0
1611723600,380.22,380.32,372.01,374.44,99246554,0
1611810000,376.36,381.93,375.89,377.6,75229306,0
1611896400,375.63,376.67,368.27,370.19,106397082,0
1612155600,373.72,377.34,370.376,376.18,64056510,0
1612242000,379.65,383.22,376.3181,381.54,53979346,0
1612328400,382.435,383.7,380.48,381.86,43305661,0
1612414800,382.96,386.24,381.9655,386.17,40030930,0
1612501200,388.2,388.47,386.1444,387.68,39312522,0
1612760400,389.27,390.54,388.35,390.53,33986650,0
1612846800,389.61,390.89,389.17,390.25,30861522,0
1612933200,392.12,392.28,387.5,390.1,53797977,0
1613019600,391.24,391.69,388.1,390.73,38939025,0
1613106000,389.85,392.9,389.77,392.69,39697380,0
1613451600,393.96,394.17,391.53,392.34,43206214,0
1613538000,390.42,392.66,389.33,392.43,44671866,0
1613624400,389.59,391.515,387.74,390.75,52370380,0
1613710800,392.07,392.38,389.55,390.02,66794115,0
1613970000,387.06,389.62,386.74,387.11,56604869,0
1614056400,384.66,388.945,380.2,387.5,98333278,0
1614142800,386.33,392.23,385.27,391.76,64527459,0
1614229200,390.41,391.88,380.7789,382.39,137059806,0
1614315600,384.35,385.58,378.23,380.32,134902084,0
1614574800,385.59,390.92,380.572,389.52,92437154,0
1614661200,389.82,390.07,386,386.55,70479806,0
1614747600,385.79,386.83,381.31,381.45,105013641,0
1614834000,381.22,384,371.88,376.73,168203161,0
1614920400,380.46,384.76,372.64,383.595,133661539,0
1615179600,384.66,387.68,381.42,381.74,107185328,0
1615266000,385.85,389.91,381.7299,387.11,97898909,0
1615352400,389.69,391.4,388.1702,389.5199,101349197,0
1615438800,392.23,395.65,391.74,393.5,77022138,0
1615525200,392.07,394.21,391.2,394.09,56997361,0
1615780800,394.33,396.685,392.03,396.47,64471980,0
1615867200,397.07,397.83,395.08,395.94,65719794,0
1615953600,394.53,398.12,393.3,397.22,61876016,0
1616040000,394.475,396.72,390.75,391.41,98794050,0
1616126400,389.88,391.569,387.15,389.5,93819590,0
1616385600,390.03,394.07,389.97,392.54,61372559,0
1616472000,391.91,393.46,388.66,389.59,78167035,0
1616558400,391,392.75,387.49,387.53,84449100,0
1616644800,385.98,390.55,383.9,389.63,99714368,0
1616731200,390.93,396.41,390.29,395.99,90959116,0
1616990400,394.4,396.75,392.81,395.77,85589461,0
1617076800,394.42,395.45,393.02,394.4,62537671,0
1617163200,395.34,398,395.31,396.28,88541243,0
1617249600,398.4,400.67,398.18,400.53,72713146,0
1617595200,403.46,406.94,403.38,406.3,81754108,0
1617681600,405.76,407.24,405.4,406.06,54199969,0
1617768000,405.94,406.96,405.45,406.5711,48749523,0
1617854400,407.93,408.58,406.93,408.49,49538759,0
1617940800,408.39,411.67,408.26,411.435,52236800,0
1618200000,410.85,411.93,410.2,411.62,51358274,0
1618286400,411.53,413.529,411.12,412.82,50616046,0
1618372800,412.83,413.96,410.87,411.48,52950990,0
1618459200,413.74,416.16,413.69,415.82,54833901,0
1618545600,417.25,417.91,415.73,417.31,66624780,0
1618804800,416.26,416.74,413.79,415.24,66226327,0
1618891200,413.91,415.0859,410.59,412.22,69715050,0
1618977600,411.51,416.29,411.36,416.08,54772634,0
1619064000,415.88,416.78,411.13,412.3,90085820,0
1619150400,412.87,418.25,412.79,416.72,62186191,0
1619409600,417.44,418.22,416.8111,417.64,44689009,0
1619496000,417.91,418.14,416.3,417.48,45962264,0
1619582400,417.81,419.01,416.9,417.35,45533863,0
1619668800,420.33,420.72,416.44,419.99,70607144,0
1619755200,417.63,418.54,416.34,417.3,73129109,0
1620014400,419.43,419.84,417.665,418.18,60955972,0
1620100800,416.08,416.6,411.67,415.64,88484568,0
1620187200,417.38,417.63,414.94,415.72,51316402,0
1620273600,415.83,419.21,413.675,419.08,65397203,0
1620360000,419.89,422.815,419.16,422.09,58000019,0
1620619200,422.5,422.74,417.81,417.98,72071656,0
1620705600,413.1,415.27,410.06,414.27,105794428,0
1620792000,411.23,412.59,404,405.44,117671634,0
1620878400,407.07,412.35,407.02,410.26,96561623,0
1620964800,413.2,417.49,413.18,416.53,69029028,0
1621224000,415.39,416.39,413.36,415.54,57713982,0
1621310400,415.8,416.06,411.77,412,52337849,0
1621396800,406.92,411.05,405.335,410.9,94167279,0
1621483200,411.8,416.625,411.67,415.24,69427475,0
1621569600,416.87,418.2,414.45,414.95,66393170,0
1621828800,417.34,420.32,417.08,419.12,45499764,0
1621915200,420.33,420.71,417.62,418.25,50977513,0
1622001600,418.87,419.61,417.76,419.04,38369865,0
1622088000,420.17,420.72,418.9851,419.69,48411613,0
1622174400,420.97,421.25,419.79,420.02,49200328,0
1622520000,422.57,422.72,419.2,419.63,47607950,0
1622606400,420.37,421.23,419.29,420.38,41250387,0
1622692800,417.87,419.99,416.28,418.86,51582905,0
1622779200,420.75,422.92,418.8422,422.57,45129316,0
1623038400,422.59,422.78,421.19,422.23,41442963,0
1623124800,423.11,423.21,420.32,422.27,40131441,0
1623211200,423.18,423.26,421.41,421.62,38368598,0
1623297600,422.96,424.63,421.55,423.58,43574416,0
1623384000,424.19,424.42,422.82,424.32,37014839,0
1623643200,424.43,425.29,423.1,425.29,33128340,0
1623729600,425.43,425.46,423.54,424.5,42885806,0
1623816000,424.63,424.87,419.92,422.12,73638324,0
1623902400,421.67,423.02,419.32,421.97,71991686,0
1623988800,417.08,417.8281,414.7,415.01,92753385,0
1624248000,416.8,421.06,415.93,420.85,63727942,0
1624334400,420.85,424,420.08,423.06,50857233,0
1624420800,423.19,424.05,422.51,422.6,41476351,0
1624507200,424.89,425.55,424.62,425.09,39863529,0
1624593600,425.9,427.0943,425.55,426.57,50460394,0
1624852800,427.17,427.65,425.89,427.48,43937373,0
1624939200,427.89,428.56,427.13,427.68,32097572,0
1625025600,427.2,428.78,427.18,428.08,46776402,0
1625112000,428.83,430.6,428.8,430.47,44147835,0
1625198400,431.67,434.1,430.5218,433.75,46557070,0
1625544000,433.78,434.01,430.01,432.9,60410491,0
1625630400,433.66,434.76,431.51,434.43,55609308,0
1625716800,428.78,431.73,427.52,430.95,83417621,0
1625803200,432.53,435.84,430.714,435.48,59254094,0
1626062400,435.42,437.35,434.97,437.08,42031814,0
1626148800,436.26,437.84,435.31,435.62,45923305,0
1626235200,437.39,437.92,434.91,436.22,54445950,0
1626321600,434.81,435.53,432.72,434.73,50376465,0
1626408000,436,436.06,430.92,431.38,66637403,0
1626667200,426.19,431.4089,421.97,424.97,127607115,0
1626753600,425.68,432.42,424.83,431.04,87430308,0
1626840000,432.34,434.7,431.0111,434.56,54251351,0
1626926400,434.74,435.72,433.69,435.5,41998182,0
1627012800,437.53,440.3,436.79,439.9,53294703,0
1627272000,439.31,441.03,439.26,440.99,40155852,0
1627358400,439.91,439.94,435.99,439,61032234,0
1627444800,439.68,440.3,437.31,438.84,47642330,0
1627531200,439.83,441.8,439.81,440.67,40930880,0
1627617600,437.91,440.06,437.77,438.49,56594282,0
1627876800,440.34,440.93,437.21,437.58,54098311,0
1627963200,438.44,441.28,436.1,441.12,52043386,0
1628049600,439.77,441.1243,438.73,439.01,40289514,0
1628136000,440.22,441.85,439.88,441.77,34903127,0
1628222400,442.1,442.94,441.8,442.52,40274051,0
1628481600,442.45,442.795,441.31,442.14,32740524,0
1628568000,442.61,443.44,441.88,442.66,39129442,0
1628654400,443.8,443.882,442.62,443.74,35841235,0
1628740800,443.62,445.2572,442.66,445.08,34892086,0
1628827200,445.59,445.93,445.07,445.9,32338962,0
1629086400,444.54,447.11,442.87,447.02,52706914,0
1629172800,444.24,444.96,440.85,444.06,84161406,0
1629259200,442.96,444.625,438.92,439.21,70093163,0
1629345600,436.27,441.14,436.12,439.84,84838725,0
1629432000,440.23,443.71,439.71,443.33,63120064,0
1629691200,445.16,448.23,443.4355,447.26,49349485,0
1629777600,447.97,448.54,447.42,447.95,33180117,0
1629864000,448.17,449.457,447.77,448.88,35262175,0
1629950400,448.61,448.86,446.16,446.27,53455704,0
1630036800,447.12,450.65,447.06,450.19,54848833,0
1630296000,450.99,453.07,450.71,452.22,41870839,0
1630382400,452.13,452.49,450.92,451.61,48724399,0
1630468800,452.58,453.11,451.545,451.81,42568610,0
1630555200,453.32,454.05,451.91,453.195,39220785,0
1630641600,451.98,453.63,451.55,453.06,37843082,0
1630987200,452.71,452.81,450.7423,451.52,46091753,0
1631073600,450.89,451.67,448.86,450.96,50695626,0
1631160000,450.7,452.57,448.72,448.94,51603442,0
1631246400,451.04,451.49,445.31,445.5,75763259,0
1631505600,448.65,448.92,444.11,446.56,75103627,0
1631592000,448.12,448.34,443.22,444.18,67959711,0
1631678400,444.62,448.41,443.44,447.87,69265024,0
1631764800,447.32,448.36,444.02,447.14,69354318,0
1631851200,444.92,445.37,441.02,441.41,100861596,0
1632110400,434.88,436.56,428.86,434.07,149948277,0
1632196800,436.53,437.91,433.07,433.67,82418070,0
1632283200,436.05,440.03,433.747,437.83,91135278,0
1632369600,439.84,444.89,439.6,443.13,67408294,0
1632456000,441.44,444.67,441.21,443.92,52199034,0
1632715200,442.81,444.05,441.9,442.68,51611925,0
1632801600,439.69,440.04,432.94,433.74,114959576,0
1632888000,435.19,437.04,433.85,434.44,69828191,0
1632974400,436.02,436.77,428.78,429.17,115315276,0
1633060800,430.98,436.0329,427.24,434.19,110774792,0
1633320000,433,433.96,426.36,428.69,112134374,0
1633406400,430.24,435.49,429.39,433.05,82381830,0
1633492800,429.27,435.1199,427.54,434.92,99477866,0
1633579200,438.39,441.68,438.2,438.64,64139858,0
1633665600,439.48,439.89,437.19,437.82,57510090,0
1633924800,437.16,440.26,434.62,434.67,54993389,0
1634011200,435.67,436.1,432.78,433.63,61078594,0
1634097600,434.71,436.05,431.54,435.13,63943229,0
1634184000,439.08,442.66,438.58,442.47,59812568,0
1634270400,444.76,446.26,444.09,445.83,55980388,0
1634529600,443.97,447.55,443.27,447.22,51994387,0
1634616000,448.92,450.7,448.27,450.68,40790864,0
1634702400,451.13,452.732,451.01,452.39,41594298,0
1634788800,451.76,453.829,451.31,453.61,33945007,0
1634875200,453.13,454.67,451.05,453.13,50771701,0
1635134400,454.28,455.9,452.39,455.48,37918548,0
1635220800,457.2,458.49,455.56,455.97,49865704,0
1635307200,456.45,457.16,453.86,453.92,48219255,0
1635393600,455.46,458.4,455.45,458.27,43081788,0
1635480000,455.87,459.56,455.56,459.22,58813207,0
1635739200,460.3,460.7021,458.2,460.08,41362369,0
1635825600,460.21,462.23,460.08,461.87,41914839,0
1635912000,461.3,465.15,460.83,464.73,44736952,0
1635998400,465.36,467,464.99,466.86,45729874,0
1636084800,469.28,470.65,466.92,468.49,56119290,0
1636347600,469.7,470.23,468.2031,468.97,38945705,0
1636434000,469.32,469.57,465.88,467.38,47198095,0
1636520400,465.58,467.38,462.04,463.63,63500032,0
1636606800,465.21,465.29,463.75,463.81,31757893,0
1636693200,465.12,467.86,464.11,467.26,44677612,0
1636952400,468.64,468.81,466.23,467.39,39813913,0
1637038800,467.16,470.485,467.07,469.24,41723421,0
1637125200,469,469.19,467.48,468.11,40088372,0
1637211600,469.24,470.01,466.34,469.71,45100029,0
1637298000,469.61,470.94,468.5,468.91,49009452,0
1637557200,470.81,473.54,467.35,467.53,61497941,0
1637643600,467.22,469.095,464.45,468.25,62851184,0
1637730000,466.06,469.57,465.19,469.37,54274217,0
1637902800,462.38,463.9,457.77,459.03,93783057,0
1638162000,464.07,466.56,461.73,464.63,68239627,0
1638248400,462,464.03,455.3,455.78,126381409,0
1638334800,461.64,464.67,450.29,450.53,112177764,0
1638421200,450.72,459.07,450.31,457.38,109873511,0
1638507600,459.17,460.3,448.92,453.43,124795750,0
1638766800,456.14,460.79,453.56,458.78,88930961,0
1638853200,464.41,468.88,458.6546,468.24,79124909,0
1638939600,468.7,470,466.83,469.54,62917411,0
1639026000,468.15,469.6291,466.14,466.34,54963509,0
1639112400,469.23,470.9,466.51,470.72,64958435,0
1639371600,470.19,470.56,466.27,466.61,53533452,0
1639458000,463.05,465.74,460.25,463.39,84376354,0
1639544400,463.42,465.58,460.74,464.58,50938337,0
